R: [[ 0.87405342,0.48520243,0.0246824 ],[ 0.01537777,0.02314885,-0.99961375],[-0.48558639, 0.87409538,  0.012772  ]]
t: [0.03170727,0.08037714,0.15902277]
