R: [[ 0.02636754,-0.99947539 ,0.01880712],[-0.05760974,-0.02030168,-0.99813274],[0.99799092 ,0.02523483,-0.05811482]]
t: [-0.00176859,0.11466359 ,0.48076722]
# 8월 1일
R: [[-0.07423452,-0.99712001,0.01552157],[-0.01678712,-0.01431283,-0.99975664],[ 0.99709951,-0.07447702,-0.01567627]]
t: [0.0508615,0.09402993,0.17726318]
# 7월 31일
